20 95.0160771704 96.0610932476 94.9356913183 95.9807073955 94.4533762058
25 96.6237942122 96.2218649518 95.7395498392 94.4533762058 95.6591639871
30 95.6591639871 96.8649517685 96.7041800643 96.3826366559 97.1061093248
35 96.1414790997 97.347266881 95.3376205788 97.1061093248 95.4180064309
40 95.9807073955 96.3022508039 96.5434083601 94.9356913183 97.0257234727
45 96.7845659164 97.9099678457 97.5080385852 97.0257234727 96.3826366559
50 97.2668810289 96.8649517685 97.1061093248 96.7041800643 96.9453376206
55 97.4276527331 96.3826366559 97.5080385852 97.1864951768 96.6237942122
60 96.3826366559 97.347266881 96.2218649518 96.8649517685 96.6237942122
65 96.3022508039 97.347266881 97.8295819936 97.2668810289 96.6237942122
70 97.5884244373 97.7491961415 96.7041800643 96.9453376206 96.3826366559
75 97.0257234727 97.2668810289 96.7845659164 97.4276527331 95.578778135
80 97.5080385852 97.5080385852 96.9453376206 97.5884244373 97.4276527331
85 97.5884244373 97.0257234727 97.0257234727 96.8649517685 97.5080385852
90 96.463022508 96.3022508039 97.9903536977 97.5080385852 95.8199356913
95 96.7041800643 97.8295819936 96.5434083601 95.8199356913 96.3022508039
100 97.6688102894 96.7845659164 97.2668810289 97.4276527331 97.7491961415
105 97.1864951768 96.6237942122 97.4276527331 97.0257234727 97.9903536977
110 96.3022508039 97.3472668810 97.1864951768 96.7845659164 96.8649517685
