30 92.2025723473 95.1768488746 93.9710610932 94.3729903537 92.6045016077
35 94.3729903537 94.1318327974 93.5691318328 93.1672025723 94.9356913183
40 94.9356913183 95.8199356913 95.578778135 93.3279742765 95.4180064309
45 94.61414791 95.3376205788 94.6945337621 95.7395498392 95.578778135
50 95.9003215434 94.9356913183 96.5434083601 95.3376205788 95.578778135
55 95.2572347267 95.9807073955 95.578778135 95.578778135 94.5337620579
60 95.6591639871 94.5337620579 95.498392283 95.3376205788 95.7395498392
65 95.578778135 97.1864951768 96.2218649518 95.4180064309 95.9003215434
70 95.9003215434 96.6237942122 95.9003215434 95.1768488746 96.6237942122
75 97.0257234727 97.1061093248 95.6591639871 95.1768488746 97.0257234727
